

TREE # 1
   1 495696.89181 x   0.20548  0.16536  0.09696  0.29629  0.03101  0.03222  0.05746  0.13632  0.06419  0.08565  0.06722  0.17885  0.12812  0.10436  0.08030  0.01574  0.01561  0.17793  0.02092  0.19206  0.16871  0.17868  0.07564  0.04011  0.01173  0.06598  0.01831  0.02245  0.04009  0.01776  0.01403  0.01110  0.01441  0.04503  0.04305  0.07301  0.03517  0.15960  0.08303  0.01373  0.02834  0.07284  0.14657  0.02259  0.17082  0.14069  0.07942  0.07136  0.08590  0.04148  0.61749  0.22421  0.03692  0.01014  0.00548  0.02025  0.03785  0.01226  0.14311  0.02034  0.16221  0.18725  0.06274  0.15199  0.11392  0.02942  0.01554  0.03954  0.16897  0.21967  0.05229  0.16419  0.15115  0.20200  0.11767  0.28305  0.31969  0.26025  0.09710  0.08805  0.01624  0.22599  0.01400  0.52787  0.01731  0.17703  0.02217  0.00999  0.03295  0.01944  0.18594  0.01852  0.04219  0.10832  0.01659  0.15627  0.12433  0.23670  0.23500  0.12617  0.03370  0.17923  0.03988  0.13257  0.15618  0.44050
   2 495309.67795 x   0.21621  0.17446  0.10197  0.31152  0.03322  0.03429  0.06070  0.14411  0.06802  0.09070  0.07143  0.18822  0.13539  0.11041  0.08494  0.01672  0.01672  0.18811  0.02221  0.20184  0.17796  0.18839  0.08009  0.04265  0.01242  0.07009  0.01946  0.02385  0.04260  0.01885  0.01490  0.01179  0.01532  0.04779  0.04579  0.07754  0.03725  0.16872  0.08799  0.01470  0.02997  0.07699  0.15515  0.02381  0.18072  0.14877  0.08391  0.07561  0.09105  0.04248  0.63951  0.23750  0.03926  0.01088  0.00571  0.02159  0.04011  0.01290  0.15136  0.02161  0.17126  0.19707  0.06634  0.16052  0.12053  0.03127  0.01649  0.04191  0.17859  0.23145  0.05532  0.17338  0.15961  0.21371  0.12304  0.29621  0.33538  0.27299  0.10237  0.09323  0.01732  0.23878  0.01468  0.54611  0.01843  0.18742  0.02347  0.01070  0.03484  0.02054  0.19635  0.01963  0.04462  0.11464  0.01763  0.16495  0.13135  0.24996  0.24777  0.13357  0.03572  0.18891  0.04213  0.14024  0.16479  0.55230
   3 495308.08365 x   0.21708  0.17525  0.10243  0.31290  0.03341  0.03441  0.06093  0.14477  0.06832  0.09110  0.07179  0.18899  0.13598  0.11093  0.08534  0.01680  0.01679  0.18897  0.02227  0.20260  0.17868  0.18922  0.08047  0.04285  0.01246  0.07041  0.01955  0.02394  0.04279  0.01893  0.01497  0.01184  0.01539  0.04801  0.04601  0.07789  0.03737  0.16945  0.08840  0.01475  0.03008  0.07727  0.15583  0.02381  0.18149  0.14947  0.08420  0.07591  0.09147  0.04209  0.64182  0.23890  0.03944  0.01094  0.00572  0.02169  0.04027  0.01293  0.15199  0.02157  0.17204  0.19786  0.06656  0.16116  0.12103  0.03140  0.01655  0.04202  0.17930  0.23234  0.05549  0.17405  0.16024  0.21455  0.12285  0.29756  0.33680  0.27386  0.10273  0.09361  0.01740  0.23968  0.01470  0.54754  0.01850  0.18813  0.02358  0.01075  0.03496  0.02061  0.19708  0.01970  0.04477  0.11507  0.01767  0.16554  0.13184  0.25085  0.24864  0.13407  0.03584  0.18956  0.04224  0.14074  0.16538  0.55930
   4 495307.87782 x   0.21769  0.17578  0.10273  0.31386  0.03351  0.03447  0.06107  0.14519  0.06851  0.09134  0.07200  0.18953  0.13636  0.11125  0.08558  0.01683  0.01682  0.18951  0.02229  0.20314  0.17917  0.18979  0.08070  0.04294  0.01247  0.07059  0.01959  0.02398  0.04290  0.01898  0.01500  0.01187  0.01543  0.04813  0.04613  0.07811  0.03742  0.16990  0.08864  0.01477  0.03014  0.07742  0.15625  0.02380  0.18195  0.14990  0.08437  0.07608  0.09172  0.04190  0.64378  0.23979  0.03952  0.01095  0.00571  0.02173  0.04034  0.01293  0.15238  0.02154  0.17252  0.19839  0.06668  0.16154  0.12133  0.03145  0.01657  0.04205  0.17974  0.23291  0.05558  0.17446  0.16062  0.21506  0.12279  0.29847  0.33774  0.27442  0.10294  0.09384  0.01742  0.24021  0.01470  0.54881  0.01852  0.18853  0.02362  0.01074  0.03501  0.02062  0.19750  0.01972  0.04483  0.11530  0.01767  0.16587  0.13212  0.25138  0.24915  0.13435  0.03586  0.18994  0.04228  0.14102  0.16572  0.55960
   5 495307.76637 x   0.21851  0.17651  0.10316  0.31521  0.03366  0.03455  0.06126  0.14577  0.06877  0.09167  0.07230  0.19026  0.13688  0.11170  0.08592  0.01687  0.01685  0.19027  0.02232  0.20385  0.17981  0.19056  0.08102  0.04308  0.01248  0.07084  0.01965  0.02404  0.04306  0.01904  0.01504  0.01191  0.01548  0.04831  0.04630  0.07840  0.03748  0.17052  0.08898  0.01479  0.03023  0.07764  0.15682  0.02377  0.18257  0.15051  0.08459  0.07631  0.09207  0.04146  0.64660  0.24112  0.03965  0.01098  0.00571  0.02180  0.04045  0.01293  0.15291  0.02146  0.17321  0.19913  0.06683  0.16207  0.12173  0.03152  0.01660  0.04210  0.18033  0.23370  0.05569  0.17502  0.16115  0.21576  0.12252  0.29983  0.33910  0.27518  0.10323  0.09415  0.01746  0.24092  0.01470  0.55054  0.01856  0.18905  0.02370  0.01075  0.03510  0.02065  0.19808  0.01975  0.04492  0.11562  0.01766  0.16632  0.13251  0.25209  0.24983  0.13471  0.03591  0.19046  0.04233  0.14139  0.16619  0.55974
   6 495307.76542 x   0.21853  0.17653  0.10317  0.31524  0.03366  0.03456  0.06127  0.14578  0.06877  0.09167  0.07230  0.19027  0.13689  0.11171  0.08593  0.01688  0.01686  0.19029  0.02232  0.20387  0.17983  0.19058  0.08102  0.04309  0.01248  0.07085  0.01965  0.02404  0.04306  0.01904  0.01505  0.01191  0.01548  0.04832  0.04631  0.07841  0.03748  0.17053  0.08899  0.01480  0.03023  0.07764  0.15683  0.02377  0.18258  0.15052  0.08459  0.07632  0.09208  0.04146  0.64663  0.24114  0.03965  0.01099  0.00571  0.02180  0.04045  0.01293  0.15292  0.02146  0.17322  0.19914  0.06684  0.16208  0.12174  0.03152  0.01660  0.04210  0.18034  0.23371  0.05570  0.17503  0.16116  0.21577  0.12252  0.29985  0.33913  0.27520  0.10323  0.09416  0.01746  0.24094  0.01470  0.55055  0.01856  0.18907  0.02370  0.01075  0.03510  0.02065  0.19809  0.01975  0.04493  0.11562  0.01766  0.16633  0.13252  0.25210  0.24985  0.13472  0.03591  0.19048  0.04234  0.14140  0.16620  0.55994
   7 495307.76536 x   0.21854  0.17654  0.10317  0.31525  0.03366  0.03456  0.06127  0.14579  0.06878  0.09168  0.07231  0.19028  0.13689  0.11171  0.08593  0.01688  0.01686  0.19030  0.02232  0.20388  0.17984  0.19059  0.08103  0.04309  0.01248  0.07085  0.01965  0.02404  0.04306  0.01904  0.01505  0.01191  0.01548  0.04832  0.04631  0.07841  0.03749  0.17054  0.08899  0.01480  0.03024  0.07764  0.15684  0.02377  0.18259  0.15053  0.08459  0.07632  0.09208  0.04145  0.64666  0.24116  0.03966  0.01099  0.00571  0.02180  0.04045  0.01293  0.15292  0.02146  0.17323  0.19915  0.06684  0.16209  0.12175  0.03152  0.01660  0.04210  0.18035  0.23372  0.05570  0.17504  0.16117  0.21578  0.12252  0.29986  0.33914  0.27521  0.10324  0.09416  0.01746  0.24095  0.01470  0.55058  0.01856  0.18907  0.02370  0.01075  0.03510  0.02065  0.19810  0.01975  0.04493  0.11563  0.01766  0.16634  0.13252  0.25211  0.24986  0.13473  0.03592  0.19048  0.04234  0.14140  0.16621  0.55994
   8 495307.76533 x   0.21855  0.17654  0.10318  0.31527  0.03366  0.03456  0.06127  0.14579  0.06878  0.09168  0.07231  0.19029  0.13690  0.11172  0.08594  0.01688  0.01686  0.19030  0.02232  0.20389  0.17984  0.19060  0.08103  0.04309  0.01249  0.07085  0.01965  0.02404  0.04306  0.01904  0.01505  0.01191  0.01549  0.04832  0.04631  0.07841  0.03749  0.17055  0.08900  0.01480  0.03024  0.07765  0.15684  0.02377  0.18260  0.15054  0.08460  0.07632  0.09208  0.04145  0.64669  0.24117  0.03966  0.01099  0.00571  0.02180  0.04046  0.01293  0.15293  0.02146  0.17324  0.19916  0.06684  0.16210  0.12175  0.03152  0.01660  0.04210  0.18036  0.23373  0.05570  0.17505  0.16117  0.21579  0.12251  0.29988  0.33916  0.27522  0.10324  0.09417  0.01746  0.24096  0.01470  0.55060  0.01856  0.18908  0.02370  0.01075  0.03510  0.02065  0.19810  0.01975  0.04493  0.11563  0.01766  0.16634  0.13253  0.25212  0.24987  0.13473  0.03592  0.19049  0.04234  0.14141  0.16621  0.55994
   9 495307.76533 x   0.21855  0.17655  0.10318  0.31527  0.03366  0.03456  0.06127  0.14580  0.06878  0.09168  0.07231  0.19029  0.13690  0.11172  0.08594  0.01688  0.01686  0.19031  0.02232  0.20389  0.17984  0.19060  0.08103  0.04309  0.01249  0.07085  0.01965  0.02404  0.04306  0.01904  0.01505  0.01191  0.01549  0.04832  0.04631  0.07841  0.03749  0.17055  0.08900  0.01480  0.03024  0.07765  0.15684  0.02377  0.18260  0.15054  0.08460  0.07632  0.09209  0.04145  0.64670  0.24118  0.03966  0.01099  0.00571  0.02180  0.04046  0.01293  0.15293  0.02146  0.17324  0.19916  0.06684  0.16210  0.12175  0.03152  0.01660  0.04210  0.18036  0.23373  0.05570  0.17505  0.16118  0.21579  0.12251  0.29988  0.33916  0.27522  0.10324  0.09417  0.01746  0.24096  0.01470  0.55060  0.01856  0.18908  0.02370  0.01075  0.03510  0.02065  0.19811  0.01975  0.04493  0.11563  0.01766  0.16634  0.13253  0.25212  0.24987  0.13473  0.03592  0.19049  0.04234  0.14141  0.16621  0.55995
  10 495307.76532 x   0.21855  0.17655  0.10318  0.31528  0.03366  0.03456  0.06127  0.14580  0.06878  0.09168  0.07231  0.19029  0.13690  0.11172  0.08594  0.01688  0.01686  0.19031  0.02232  0.20389  0.17985  0.19060  0.08103  0.04309  0.01249  0.07085  0.01965  0.02404  0.04306  0.01904  0.01505  0.01191  0.01549  0.04832  0.04631  0.07841  0.03749  0.17055  0.08900  0.01480  0.03024  0.07765  0.15685  0.02377  0.18260  0.15054  0.08460  0.07632  0.09209  0.04145  0.64670  0.24118  0.03966  0.01099  0.00571  0.02180  0.04046  0.01293  0.15293  0.02146  0.17324  0.19916  0.06684  0.16210  0.12175  0.03152  0.01660  0.04210  0.18036  0.23374  0.05570  0.17505  0.16118  0.21579  0.12251  0.29989  0.33917  0.27522  0.10324  0.09417  0.01746  0.24096  0.01470  0.55060  0.01856  0.18908  0.02370  0.01075  0.03510  0.02065  0.19811  0.01975  0.04493  0.11563  0.01766  0.16634  0.13253  0.25213  0.24987  0.13473  0.03592  0.19049  0.04234  0.14141  0.16621  0.55995
  11 495307.76532 x   0.21855  0.17655  0.10318  0.31528  0.03366  0.03456  0.06127  0.14580  0.06878  0.09168  0.07231  0.19029  0.13690  0.11172  0.08594  0.01688  0.01686  0.19031  0.02232  0.20389  0.17985  0.19060  0.08103  0.04309  0.01249  0.07085  0.01965  0.02404  0.04306  0.01904  0.01505  0.01191  0.01549  0.04832  0.04631  0.07841  0.03749  0.17055  0.08900  0.01480  0.03024  0.07765  0.15685  0.02377  0.18260  0.15054  0.08460  0.07632  0.09209  0.04145  0.64671  0.24118  0.03966  0.01099  0.00571  0.02180  0.04046  0.01293  0.15293  0.02146  0.17324  0.19916  0.06684  0.16210  0.12175  0.03152  0.01660  0.04210  0.18036  0.23374  0.05570  0.17505  0.16118  0.21579  0.12251  0.29989  0.33917  0.27522  0.10324  0.09417  0.01746  0.24096  0.01470  0.55060  0.01856  0.18908  0.02370  0.01075  0.03510  0.02065  0.19811  0.01975  0.04493  0.11563  0.01766  0.16634  0.13253  0.25213  0.24987  0.13473  0.03592  0.19049  0.04234  0.14141  0.16621  0.55995
  12 495307.76532 x   0.21855  0.17655  0.10318  0.31528  0.03366  0.03456  0.06127  0.14580  0.06878  0.09168  0.07231  0.19029  0.13690  0.11172  0.08594  0.01688  0.01686  0.19031  0.02232  0.20389  0.17985  0.19060  0.08103  0.04309  0.01249  0.07085  0.01965  0.02404  0.04306  0.01904  0.01505  0.01191  0.01549  0.04832  0.04631  0.07841  0.03749  0.17055  0.08900  0.01480  0.03024  0.07765  0.15685  0.02377  0.18260  0.15054  0.08460  0.07633  0.09209  0.04145  0.64671  0.24118  0.03966  0.01099  0.00571  0.02180  0.04046  0.01293  0.15293  0.02146  0.17324  0.19916  0.06684  0.16210  0.12175  0.03152  0.01660  0.04210  0.18036  0.23374  0.05570  0.17505  0.16118  0.21579  0.12251  0.29989  0.33917  0.27522  0.10324  0.09417  0.01746  0.24096  0.01470  0.55060  0.01856  0.18908  0.02370  0.01075  0.03510  0.02065  0.19811  0.01975  0.04493  0.11563  0.01766  0.16634  0.13253  0.25213  0.24987  0.13473  0.03592  0.19049  0.04234  0.14141  0.16621  0.55995
