1e-300
9.094947e-13
2.910383e-11
2.210072e-10
9.313226e-10
2.842171e-09
7.072231e-09
1.528588e-08
2.980232e-08
5.370475e-08
9.094947e-08
1.46475e-07
2.263114e-07
3.37689e-07
4.891481e-07
6.906475e-07
9.536743e-07
1.291352e-06
1.718552e-06
2.251999e-06
2.910383e-06
3.714468e-06
4.687201e-06
5.85382e-06
7.241964e-06
8.881784e-06
1.080605e-05
1.305025e-05
1.565274e-05
1.865478e-05
2.210072e-05
2.603806e-05
3.051758e-05
3.559343e-05
4.132328e-05
4.776837e-05
5.499367e-05
6.306796e-05
7.206397e-05
8.205843e-05
9.313226e-05
0.0001053706
0.000118863
0.0001337034
0.0001499904
0.0001678274
0.0001873222
0.0002085881
0.0002317429
0.0002569097
0.0002842171
0.0003137986
0.0003457936
0.0003803466
0.0004176082
0.0004577345
0.0005008876
0.0005472357
0.000596953
0.0006502199
0.0007072231
0.0007681559
0.000833218
0.0009026158
0.0009765625
0.001055278
0.00113899
0.001227932
0.001322345
0.001422478
0.001528588
0.001640937
0.001759797
0.001885448
0.002018175
0.002158274
0.002306047
0.002461806
0.00262587
0.002798566
0.002980232
0.003171212
0.003371859
0.003582537
0.003803615
0.004035476
0.004278509
0.004533112
0.004799694
0.005078672
0.005370475
0.005675539
0.005994312
0.006327249
0.006674818
0.007037497
0.007415771
0.00781014
0.008221112
0.008649204
0.009094947
0.009558881
0.01004156
0.01054354
0.01106539
0.01160771
0.01217109
0.01275613
0.01336346
0.0139937
0.0146475
0.01532551
0.0160284
0.01675685
0.01751154
0.01829319
0.0191025
0.0199402
0.02080704
0.02170376
0.02263114
0.02358995
0.02458099
0.02560506
0.02666297
0.02775558
0.0288837
0.03004822
0.03125
0.03248993
0.0337689
0.03508784
0.03644767
0.03784935
0.03929381
0.04078205
0.04231504
0.04389378
0.0455193
0.04719263
0.04891481
0.0506869
0.05250999
0.05438515
0.05631351
0.05829619
0.06033432
0.06242907
0.06458159
0.06679309
0.06906475
0.07139781
0.0737935
0.07625307
0.07877779
0.08136894
0.08402783
0.08675578
0.08955413
0.09242422
0.09536743
0.09838515
0.1014788
0.1046498
0.1078995
0.1112295
0.1146412
0.1181361
0.1217157
0.1253816
0.1291352
0.1329783
0.1369123
0.1409388
0.1450596
0.1492761
0.1535902
0.1580034
0.1625175
0.1671342
0.1718552
0.1766823
0.1816173
0.1866619
0.191818
0.1970874
0.202472
0.2079736
0.2135942
0.2193356
0.2251999
0.2311889
0.2373047
0.2435492
0.2499245
0.2564326
0.2630756
0.2698555
0.2767745
0.2838347
0.2910383
0.2983874
0.3058842
0.3135309
0.3213298
0.3292831
0.3373932
0.3456622
0.3540926
0.3626867
0.3714468
0.3803754
0.3894749
0.3987477
0.4081963
0.4178231
0.4276308
0.4376217
0.4477985
0.4581638
0.4687201
0.4794701
0.4904165
0.5015618
0.5129089
0.5244605
0.5362192
0.5481879
0.5603694
0.5727665
0.585382
0.5982188
0.6112799
0.6245681
0.6380864
0.6518377
0.6658251
0.6800517
0.6945203
0.7092342
0.7241964
0.7394101
0.7548784
0.7706045
0.7865916
0.8028429
0.8193618
0.8361514
0.8532152
0.8705564
0.8881784
0.9060847
0.9242786
0.9427635
0.9615431
0.9806207
