1e-300
2.910383e-11
9.313226e-10
7.072231e-09
2.980232e-08
9.094947e-08
2.263114e-07
4.891481e-07
9.536743e-07
1.718552e-06
2.910383e-06
4.687201e-06
7.241964e-06
1.080605e-05
1.565274e-05
2.210072e-05
3.051758e-05
4.132328e-05
5.499367e-05
7.206397e-05
9.313226e-05
0.000118863
0.0001499904
0.0001873222
0.0002317429
0.0002842171
0.0003457936
0.0004176082
0.0005008876
0.000596953
0.0007072231
0.000833218
0.0009765625
0.00113899
0.001322345
0.001528588
0.001759797
0.002018175
0.002306047
0.00262587
0.002980232
0.003371859
0.003803615
0.004278509
0.004799694
0.005370475
0.005994312
0.006674818
0.007415771
0.008221112
0.009094947
0.01004156
0.01106539
0.01217109
0.01336346
0.0146475
0.0160284
0.01751154
0.0191025
0.02080704
0.02263114
0.02458099
0.02666297
0.0288837
0.03125
0.0337689
0.03644767
0.03929381
0.04231504
0.0455193
0.04891481
0.05250999
0.05631351
0.06033432
0.06458159
0.06906475
0.0737935
0.07877779
0.08402783
0.08955413
0.09536743
0.1014788
0.1078995
0.1146412
0.1217157
0.1291352
0.1369123
0.1450596
0.1535902
0.1625175
0.1718552
0.1816173
0.191818
0.202472
0.2135942
0.2251999
0.2373047
0.2499245
0.2630756
0.2767745
0.2910383
0.3058842
0.3213298
0.3373932
0.3540926
0.3714468
0.3894749
0.4081963
0.4276308
0.4477985
0.4687201
0.4904165
0.5129089
0.5362192
0.5603694
0.585382
0.6112799
0.6380864
0.6658251
0.6945203
0.7241964
0.7548784
0.7865916
0.8193618
0.8532152
0.8881784
0.9242786
0.9615431
