

TREE # 1
   1 580101.27550 x   0.16600  0.14512  0.09275  0.23188  0.02690  0.02877  0.04744  0.10818  0.03701  0.07920  0.06428  0.15850  0.10186  0.08816  0.03516  0.00948  0.01353  0.14985  0.02361  0.12145  0.11981  0.13996  0.05866  0.03449  0.01125  0.05459  0.01575  0.01705  0.02548  0.01296  0.01368  0.00677  0.00916  0.03862  0.04730  0.06595  0.03563  0.12814  0.06318  0.00846  0.02227  0.04693  0.11163  0.01720  0.13182  0.12992  0.05751  0.05881  0.08209  0.02693  0.52990  0.20623  0.02296  0.00492  0.01095  0.01883  0.03052  0.00903  0.13665  0.01882  0.13032  0.17024  0.05689  0.12513  0.09700  0.02597  0.01845  0.03116  0.12283  0.14632  0.04199  0.08883  0.09821  0.18738  0.09545  0.23031  0.26396  0.20047  0.05524  0.04821  0.01717  0.19762  0.00900  0.42392  0.01204  0.12867  0.01732  0.00584  0.02567  0.01835  0.15904  0.01831  0.04126  0.08582  0.01379  0.15259  0.10119  0.19418  0.23392  0.09204  0.02607  0.12749  0.02979  0.10542  0.15430  0.42973
   2 579984.30130 x   0.16979  0.14857  0.09487  0.23706  0.02768  0.02957  0.04869  0.11098  0.03801  0.08136  0.06598  0.16209  0.10444  0.09047  0.03620  0.00978  0.01398  0.15357  0.02430  0.12437  0.12288  0.14341  0.06020  0.03544  0.01159  0.05607  0.01622  0.01754  0.02620  0.01333  0.01406  0.00696  0.00942  0.03968  0.04861  0.06773  0.03662  0.13149  0.06484  0.00877  0.02291  0.04820  0.11447  0.01762  0.13548  0.13312  0.05898  0.06057  0.08419  0.02772  0.53843  0.21089  0.02351  0.00502  0.01133  0.01936  0.03137  0.00936  0.14012  0.01940  0.13357  0.17444  0.05840  0.12824  0.09961  0.02671  0.01896  0.03211  0.12595  0.14999  0.04310  0.09121  0.10084  0.19202  0.09786  0.23517  0.26975  0.20541  0.05688  0.04960  0.01782  0.20258  0.00940  0.43147  0.01236  0.13212  0.01776  0.00604  0.02636  0.01892  0.16302  0.01883  0.04235  0.08819  0.01421  0.15636  0.10382  0.19903  0.23946  0.09452  0.02681  0.13077  0.03057  0.10821  0.15807  0.48291
   3 579983.66125 x   0.17029  0.14909  0.09522  0.23788  0.02777  0.02962  0.04884  0.11136  0.03812  0.08163  0.06622  0.16259  0.10478  0.09079  0.03633  0.00981  0.01401  0.15410  0.02436  0.12474  0.12326  0.14390  0.06040  0.03554  0.01162  0.05626  0.01626  0.01758  0.02629  0.01337  0.01410  0.00698  0.00945  0.03981  0.04877  0.06795  0.03670  0.13191  0.06507  0.00878  0.02298  0.04831  0.11484  0.01757  0.13595  0.13361  0.05909  0.06076  0.08449  0.02752  0.54016  0.21176  0.02357  0.00503  0.01136  0.01942  0.03147  0.00937  0.14054  0.01935  0.13404  0.17500  0.05853  0.12861  0.09991  0.02678  0.01901  0.03217  0.12631  0.15042  0.04320  0.09147  0.10114  0.19256  0.09792  0.23590  0.27054  0.20596  0.05703  0.04975  0.01783  0.20315  0.00942  0.43251  0.01238  0.13248  0.01782  0.00605  0.02642  0.01897  0.16345  0.01887  0.04245  0.08843  0.01422  0.15676  0.10411  0.19955  0.24006  0.09477  0.02688  0.13110  0.03061  0.10850  0.15848  0.48593
   4 579983.54044 x   0.17062  0.14941  0.09544  0.23840  0.02782  0.02966  0.04893  0.11160  0.03818  0.08179  0.06636  0.16291  0.10498  0.09098  0.03641  0.00982  0.01402  0.15443  0.02439  0.12497  0.12350  0.14420  0.06052  0.03560  0.01163  0.05636  0.01629  0.01761  0.02633  0.01339  0.01413  0.00700  0.00947  0.03988  0.04886  0.06808  0.03674  0.13215  0.06520  0.00878  0.02302  0.04838  0.11506  0.01754  0.13622  0.13391  0.05914  0.06086  0.08467  0.02740  0.54136  0.21230  0.02361  0.00502  0.01137  0.01945  0.03151  0.00937  0.14079  0.01931  0.13433  0.17534  0.05860  0.12883  0.10009  0.02681  0.01903  0.03220  0.12652  0.15068  0.04325  0.09161  0.10130  0.19287  0.09795  0.23635  0.27102  0.20627  0.05710  0.04983  0.01784  0.20348  0.00943  0.43320  0.01238  0.13269  0.01785  0.00604  0.02645  0.01898  0.16369  0.01888  0.04250  0.08855  0.01422  0.15698  0.10426  0.19984  0.24040  0.09492  0.02689  0.13128  0.03062  0.10865  0.15870  0.48626
   5 579983.48621 x   0.17098  0.14977  0.09570  0.23901  0.02787  0.02969  0.04904  0.11186  0.03825  0.08196  0.06653  0.16327  0.10521  0.09120  0.03650  0.00984  0.01403  0.15480  0.02442  0.12523  0.12376  0.14453  0.06066  0.03567  0.01164  0.05648  0.01632  0.01763  0.02638  0.01341  0.01416  0.00701  0.00949  0.03997  0.04896  0.06823  0.03678  0.13243  0.06534  0.00878  0.02307  0.04844  0.11531  0.01749  0.13652  0.13426  0.05919  0.06098  0.08487  0.02718  0.54278  0.21298  0.02365  0.00502  0.01139  0.01949  0.03155  0.00937  0.14107  0.01925  0.13466  0.17572  0.05868  0.12907  0.10028  0.02685  0.01905  0.03223  0.12675  0.15096  0.04331  0.09177  0.10148  0.19321  0.09794  0.23687  0.27158  0.20661  0.05717  0.04992  0.01785  0.20384  0.00944  0.43397  0.01238  0.13290  0.01789  0.00604  0.02648  0.01901  0.16396  0.01889  0.04255  0.08868  0.01421  0.15723  0.10444  0.20016  0.24078  0.09507  0.02691  0.13148  0.03062  0.10881  0.15895  0.48645
   6 579983.48420 x   0.17101  0.14980  0.09572  0.23905  0.02788  0.02969  0.04904  0.11189  0.03826  0.08198  0.06654  0.16330  0.10523  0.09121  0.03651  0.00984  0.01403  0.15483  0.02443  0.12525  0.12378  0.14456  0.06067  0.03567  0.01164  0.05649  0.01632  0.01764  0.02639  0.01342  0.01416  0.00701  0.00949  0.03998  0.04897  0.06824  0.03678  0.13246  0.06536  0.00878  0.02307  0.04845  0.11533  0.01749  0.13655  0.13429  0.05920  0.06099  0.08489  0.02717  0.54289  0.21303  0.02366  0.00502  0.01139  0.01949  0.03156  0.00937  0.14109  0.01925  0.13469  0.17575  0.05868  0.12910  0.10030  0.02685  0.01906  0.03223  0.12677  0.15099  0.04332  0.09178  0.10150  0.19324  0.09794  0.23692  0.27162  0.20664  0.05718  0.04993  0.01785  0.20387  0.00944  0.43403  0.01238  0.13293  0.01789  0.00604  0.02648  0.01901  0.16398  0.01890  0.04256  0.08870  0.01422  0.15725  0.10446  0.20019  0.24081  0.09509  0.02692  0.13150  0.03062  0.10883  0.15898  0.48665
   7 579983.48413 x   0.17102  0.14981  0.09573  0.23906  0.02788  0.02969  0.04905  0.11189  0.03826  0.08198  0.06654  0.16331  0.10524  0.09122  0.03651  0.00984  0.01403  0.15483  0.02443  0.12526  0.12378  0.14457  0.06067  0.03567  0.01164  0.05649  0.01632  0.01764  0.02639  0.01342  0.01416  0.00701  0.00949  0.03998  0.04898  0.06825  0.03678  0.13246  0.06536  0.00878  0.02307  0.04845  0.11533  0.01748  0.13656  0.13429  0.05920  0.06099  0.08489  0.02716  0.54291  0.21304  0.02366  0.00502  0.01139  0.01949  0.03156  0.00937  0.14110  0.01925  0.13470  0.17576  0.05869  0.12910  0.10031  0.02685  0.01906  0.03223  0.12678  0.15099  0.04332  0.09179  0.10151  0.19325  0.09794  0.23693  0.27163  0.20665  0.05718  0.04993  0.01785  0.20388  0.00944  0.43405  0.01238  0.13293  0.01790  0.00604  0.02648  0.01901  0.16399  0.01890  0.04256  0.08870  0.01422  0.15725  0.10446  0.20019  0.24082  0.09509  0.02692  0.13150  0.03063  0.10883  0.15898  0.48667
   8 579983.48411 x   0.17103  0.14982  0.09573  0.23907  0.02788  0.02969  0.04905  0.11190  0.03826  0.08199  0.06655  0.16332  0.10524  0.09122  0.03651  0.00984  0.01403  0.15484  0.02443  0.12526  0.12379  0.14458  0.06067  0.03568  0.01164  0.05649  0.01632  0.01764  0.02639  0.01342  0.01416  0.00701  0.00949  0.03998  0.04898  0.06825  0.03678  0.13247  0.06536  0.00878  0.02307  0.04845  0.11534  0.01748  0.13656  0.13430  0.05920  0.06099  0.08490  0.02716  0.54294  0.21306  0.02366  0.00502  0.01139  0.01950  0.03156  0.00937  0.14110  0.01925  0.13470  0.17577  0.05869  0.12911  0.10031  0.02685  0.01906  0.03223  0.12678  0.15100  0.04332  0.09179  0.10151  0.19325  0.09794  0.23694  0.27164  0.20665  0.05718  0.04994  0.01785  0.20389  0.00944  0.43406  0.01238  0.13294  0.01790  0.00604  0.02648  0.01901  0.16399  0.01890  0.04256  0.08870  0.01422  0.15726  0.10446  0.20020  0.24083  0.09509  0.02692  0.13151  0.03063  0.10884  0.15899  0.48667
   9 579983.48411 x   0.17103  0.14982  0.09573  0.23908  0.02788  0.02969  0.04905  0.11190  0.03826  0.08199  0.06655  0.16332  0.10524  0.09122  0.03651  0.00984  0.01403  0.15484  0.02443  0.12526  0.12379  0.14458  0.06067  0.03568  0.01164  0.05649  0.01632  0.01764  0.02639  0.01342  0.01416  0.00701  0.00949  0.03998  0.04898  0.06825  0.03678  0.13247  0.06536  0.00878  0.02307  0.04845  0.11534  0.01748  0.13656  0.13430  0.05920  0.06099  0.08490  0.02716  0.54294  0.21306  0.02366  0.00502  0.01139  0.01950  0.03156  0.00937  0.14110  0.01925  0.13470  0.17577  0.05869  0.12911  0.10031  0.02685  0.01906  0.03223  0.12678  0.15100  0.04332  0.09179  0.10151  0.19325  0.09794  0.23694  0.27165  0.20665  0.05718  0.04994  0.01785  0.20389  0.00944  0.43406  0.01238  0.13294  0.01790  0.00604  0.02648  0.01901  0.16399  0.01890  0.04256  0.08870  0.01422  0.15726  0.10446  0.20020  0.24083  0.09509  0.02692  0.13151  0.03063  0.10884  0.15899  0.48668
  10 579983.48411 x   0.17103  0.14982  0.09573  0.23908  0.02788  0.02969  0.04905  0.11190  0.03826  0.08199  0.06655  0.16332  0.10524  0.09122  0.03651  0.00984  0.01403  0.15484  0.02443  0.12526  0.12379  0.14458  0.06067  0.03568  0.01164  0.05649  0.01632  0.01764  0.02639  0.01342  0.01416  0.00701  0.00949  0.03998  0.04898  0.06825  0.03678  0.13247  0.06536  0.00878  0.02307  0.04845  0.11534  0.01748  0.13656  0.13430  0.05920  0.06099  0.08490  0.02716  0.54294  0.21306  0.02366  0.00502  0.01139  0.01950  0.03156  0.00937  0.14110  0.01925  0.13470  0.17577  0.05869  0.12911  0.10031  0.02685  0.01906  0.03223  0.12678  0.15100  0.04332  0.09179  0.10151  0.19326  0.09794  0.23694  0.27165  0.20665  0.05718  0.04994  0.01785  0.20389  0.00944  0.43407  0.01238  0.13294  0.01790  0.00604  0.02648  0.01901  0.16399  0.01890  0.04256  0.08870  0.01422  0.15726  0.10446  0.20020  0.24083  0.09510  0.02692  0.13151  0.03063  0.10884  0.15899  0.48668
  11 579983.48410 x   0.17103  0.14982  0.09573  0.23908  0.02788  0.02969  0.04905  0.11190  0.03826  0.08199  0.06655  0.16332  0.10524  0.09122  0.03651  0.00984  0.01403  0.15484  0.02443  0.12526  0.12379  0.14458  0.06067  0.03568  0.01164  0.05649  0.01632  0.01764  0.02639  0.01342  0.01416  0.00701  0.00949  0.03998  0.04898  0.06825  0.03678  0.13247  0.06536  0.00878  0.02307  0.04845  0.11534  0.01748  0.13656  0.13430  0.05920  0.06099  0.08490  0.02716  0.54294  0.21306  0.02366  0.00502  0.01139  0.01950  0.03156  0.00937  0.14110  0.01925  0.13470  0.17577  0.05869  0.12911  0.10031  0.02685  0.01906  0.03223  0.12678  0.15100  0.04332  0.09179  0.10151  0.19326  0.09794  0.23694  0.27165  0.20665  0.05718  0.04994  0.01785  0.20389  0.00944  0.43407  0.01238  0.13294  0.01790  0.00604  0.02648  0.01901  0.16399  0.01890  0.04256  0.08870  0.01422  0.15726  0.10446  0.20020  0.24083  0.09510  0.02692  0.13151  0.03063  0.10884  0.15899  0.48668
